#####################################################################
# This is Table 3 from Cappellari et. al (2011a, MNRAS, 413, 813)
# "The Atlas3D project -- I. A volume-limited sample of 260 nearby
#  early-type galaxies: science goals and selection criteria"
#
# Table title: The Atlas3D sample or 260 early-type (E and S0) galaxies
######################################################################################################
#   Galaxy |     RA     |     DEC    | SBF |NED-D|Virgo| VHel |   D   |  M_K  | A_B   |T-type|log(Re)|
#          |    (deg)   |    (deg)   |     |     |     |(km/s)| (Mpc) | (mag) | (mag) |      |   (") |
#     (1)  |     (2)    |     (3)    | (4) | (5) | (6) |  (7) |  (8)  |  (9)  |  (10) | (11) |  (12) |
######################################################################################################
     IC0560   146.472656    -0.268221   0     0     0     1853   27.2  -22.10    0.59   -0.7    1.11
     IC0598   153.202423    43.145546   0     0     0     2256   35.3  -22.60    0.06   -0.1    1.02
     IC0676   168.165909     9.055736   0     0     0     1429   24.6  -22.27    0.11   -1.3    1.35
     IC0719   175.077042     9.009861   0     0     0     1833   29.4  -22.70    0.22   -2.0    1.10
     IC0782   185.404053     5.765672   0     0     0     2424   36.3  -22.02    0.09    2.7    1.35
     IC1024   217.863419     3.009107   0     0     0     1479   24.2  -21.85    0.13   -2.0    1.05
     IC3631   189.950195    12.973927   0     0     0     2822   42.0  -22.01    0.17   -1.3    1.13
    NGC0448    18.818876    -1.626105   1     1     0     1908   29.5  -23.02    0.26   -2.5    1.05
    NGC0474    20.027901     3.415270   0     1     0     2315   30.9  -23.91    0.15   -2.0    1.52
    NGC0502    20.731415     9.049169   0     0     0     2524   35.9  -23.05    0.17   -2.0    1.07
    NGC0509    20.850327     9.433469   0     0     0     2261   32.3  -21.89    0.20   -1.3    1.37
    NGC0516    21.033607     9.551668   0     0     0     2437   34.7  -22.21    0.29   -1.5    1.16
    NGC0524    21.198778     9.538793   1    10     0     2403   23.3  -24.71    0.36   -1.2    1.64
    NGC0525    21.220442     9.703240   0     0     0     2139   30.7  -21.86    0.38   -2.0    1.06
    NGC0661    26.060976    28.705988   0     1     0     3815   30.6  -23.19    0.30   -4.4    1.12
    NGC0680    27.447035    21.970827   0     1     0     2928   37.5  -24.17    0.34   -4.0    1.16
    NGC0770    29.806850    18.954695   0     0     0     2543   36.7  -22.57    0.31   -4.2    0.94
    NGC0821    32.088123    10.994870   1     4     0     1718   23.4  -23.99    0.48   -4.8    1.60
    NGC0936    36.906090    -1.156280   1     4     0     1429   22.4  -24.85    0.15   -1.2    1.72
    NGC1023    40.100052    39.063251   1     8     0      602   11.1  -24.01    0.26   -2.7    1.68
    NGC1121    42.663387    -1.734040   0     0     0     2558   35.3  -22.70    0.29   -1.8    0.87
    NGC1222    47.236446    -2.955212   0     0     0     2422   33.3  -22.71    0.26   -3.0    1.10
    NGC1248    48.202328    -5.224674   0     0     0     2217   30.4  -22.90    0.27   -2.0    1.20
    NGC1266    49.003120    -2.427370   0     0     0     2170   29.9  -22.93    0.43   -2.1    1.31
    NGC1289    49.707592    -1.973354   0     0     0     2792   38.4  -23.46    0.37   -2.1    1.26
    NGC1665    72.071098    -5.427655   0     0     0     2745   37.5  -23.63    0.26   -1.8    1.50
    NGC2481   119.307182    23.767693   0     0     0     2157   32.0  -23.38    0.28    0.4    1.02
    NGC2549   124.743111    57.803108   1     1     0     1051   12.3  -22.43    0.28   -2.0    1.28
    NGC2577   125.681137    22.553040   0     0     0     2062   30.8  -23.41    0.23   -3.0    1.15
    NGC2592   126.783669    25.970339   1     1     0     1979   25.0  -22.88    0.25   -4.8    1.09
    NGC2594   126.821609    25.878935   0     0     0     2362   35.1  -22.36    0.24    0.0    0.82
    NGC2679   132.887192    30.865419   0     0     0     2027   31.1  -22.81    0.14   -2.0    1.35
    NGC2685   133.894791    58.734409   0     0     0      875   16.7  -22.78    0.27   -1.0    1.41
    NGC2695   133.612778    -3.067101   1     3     0     1833   31.5  -23.64    0.08   -2.1    1.21
    NGC2698   133.902222    -3.183882   0     0     0     1900   27.1  -23.32    0.08   -1.0    1.10
    NGC2699   133.953415    -3.127507   1     3     0     1868   26.2  -22.72    0.08   -5.0    1.06
    NGC2764   137.072983    21.443447   0     0     0     2706   39.6  -23.19    0.17   -2.0    1.09
    NGC2768   137.906265    60.037209   1     5     0     1353   21.8  -24.71    0.20   -4.4    1.80
    NGC2778   138.101639    35.027424   1     1     0     2025   22.3  -22.23    0.09   -4.8    1.20
    NGC2824   139.759277    26.269999   0     0     0     2758   40.7  -22.93    0.14   -2.0    0.86
    NGC2852   140.810684    40.163879   0     0     0     1781   28.5  -22.18    0.06    1.0    0.85
    NGC2859   141.077286    34.513378   0     0     0     1690   27.0  -24.13    0.09   -1.2    1.43
    NGC2880   142.394241    62.490620   1     1     0     1554   21.3  -22.98    0.14   -2.7    1.32
    NGC2950   145.646317    58.851219   1     1     0     1322   14.5  -22.93    0.07   -2.0    1.19
    NGC2962   145.224609     5.165820   0     3     0     1967   34.0  -24.01    0.25   -1.1    1.39
    NGC2974   145.638611    -3.699116   1     3     0     1887   20.9  -23.62    0.23   -4.2    1.58
    NGC3032   148.034119    29.236279   1     2     0     1562   21.4  -22.01    0.07   -1.9    1.12
    NGC3073   150.216843    55.618935   1     1     0     1173   32.8  -21.78    0.05   -2.8    1.13
    NGC3098   150.569458    24.711092   0     0     0     1397   23.0  -22.72    0.16   -1.5    1.12
    NGC3156   153.171692     3.129320   1     3     0     1338   21.8  -22.15    0.15   -2.5    1.24
    NGC3182   154.887558    58.205818   0     0     0     2118   34.0  -23.19    0.05    0.4    1.32
    NGC3193   154.603683    21.893978   1     3     0     1381   33.1  -24.63    0.11   -4.8    1.42
    NGC3226   155.862549    19.898439   1     3     0     1315   22.9  -23.24    0.10   -4.8    1.49
    NGC3230   155.933090    12.567883   0     0     0     2795   40.8  -24.18    0.16   -1.8    1.26
    NGC3245   156.826523    28.507435   1     1     0     1326   20.3  -23.69    0.11   -2.1    1.40
    NGC3248   156.939270    22.847170   0     0     0     1481   24.6  -22.43    0.09   -2.0    1.20
    NGC3301   159.233459    21.882166   0     0     0     1339   22.8  -23.28    0.10   -0.4    1.30
    NGC3377   161.926666    13.985640   1    10     0      690   10.9  -22.76    0.15   -4.8    1.55
    NGC3379   161.956665    12.581630   1    15     0      918   10.3  -23.80    0.11   -4.8    1.60
    NGC3384   162.070404    12.629300   1    10     0      733   11.3  -23.52    0.12   -2.7    1.51
    NGC3400   162.689590    28.468929   0     0     0     1441   24.7  -21.82    0.08    0.7    1.23
    NGC3412   162.722137    13.412142   1     5     0      860   11.0  -22.55    0.12   -2.0    1.49
    NGC3414   162.817673    27.974968   1     1     0     1470   24.5  -23.98    0.11   -2.0    1.38
    NGC3457   163.702591    17.621157   1     1     0     1148   20.1  -21.89    0.13   -5.0    1.13
    NGC3458   164.006042    57.116970   0     0     0     1877   30.9  -23.12    0.04   -2.0    1.06
    NGC3489   165.077454    13.901258   1     5     0      695   11.7  -22.99    0.07   -1.2    1.35
    NGC3499   165.796280    56.221664   0     0     0     1535   26.4  -21.88    0.04    0.0    0.94
    NGC3522   166.668549    20.085621   0     1     0     1228   25.5  -21.67    0.10   -4.9    1.01
    NGC3530   167.168411    57.230160   0     0     0     1894   31.2  -22.00    0.04    0.0    0.87
    NGC3595   168.856461    47.447147   0     0     0     2177   34.7  -23.28    0.09   -3.3    1.15
    NGC3599   168.862305    18.110369   1     3     0      839   19.8  -22.22    0.09   -2.0    1.37
    NGC3605   169.194260    18.017141   1     3     0      661   20.1  -21.83    0.09   -4.5    1.23
    NGC3607   169.227737    18.051809   1     4     0      942   22.2  -24.74    0.09   -3.1    1.59
    NGC3608   169.245697    18.148531   1     4     0     1226   22.3  -23.65    0.09   -4.8    1.47
    NGC3610   169.605316    58.786247   1     4     0     1707   20.8  -23.69    0.04   -4.2    1.20
    NGC3613   169.650543    57.999924   1     3     0     2051   28.3  -24.26    0.05   -4.7    1.42
    NGC3619   169.840088    57.757683   0     0     0     1560   26.8  -23.57    0.08   -0.9    1.42
    NGC3626   170.015808    18.356791   1     1     0     1486   19.5  -23.30    0.08   -1.0    1.41
    NGC3630   170.070786     2.964170   0     0     0     1499   25.0  -23.16    0.18   -1.5    1.10
    NGC3640   170.278549     3.234764   1     4     0     1298   26.3  -24.60    0.19   -4.9    1.49
    NGC3641   170.286621     3.194489   1     1     0     1780   25.9  -21.85    0.18   -4.9    0.97
    NGC3648   170.631195    39.876972   0     0     0     1970   31.9  -23.06    0.09   -2.0    1.12
    NGC3658   170.992706    38.562424   0     0     0     2039   32.7  -23.45    0.09   -2.2    1.28
    NGC3665   171.181793    38.762791   0     0     0     2069   33.1  -24.92    0.08   -2.1    1.49
    NGC3674   171.610870    57.048290   0     0     0     2055   33.4  -23.23    0.06   -1.9    1.05
    NGC3694   172.225571    35.413857   0     0     0     2243   35.2  -22.35    0.10   -5.0    1.02
    NGC3757   174.261765    58.415649   0     0     0     1245   22.6  -22.15    0.06   -2.0    0.95
    NGC3796   175.129776    60.298958   0     0     0     1250   22.7  -21.84    0.06    0.0    1.06
    NGC3838   176.057205    57.948101   0     0     0     1308   23.5  -22.52    0.05    0.0    1.04
    NGC3941   178.230667    36.986378   1     2     0      930   11.9  -23.06    0.09   -2.0    1.40
    NGC3945   178.307190    60.675560   0     0     0     1281   23.2  -24.31    0.12   -1.2    1.45
    NGC3998   179.484039    55.453564   1     2     0     1048   13.7  -23.33    0.07   -2.1    1.30
    NGC4026   179.854950    50.961689   1     2     0      985   13.2  -23.03    0.09   -1.8    1.31
    NGC4036   180.362045    61.895699   0     0     0     1385   24.6  -24.40    0.10   -2.6    1.46
    NGC4078   181.198456    10.595537   0     0     0     2546   38.1  -22.99    0.11   -2.0    0.92
    NGC4111   181.763031    43.065392   1     1     0      792   14.6  -23.27    0.06   -1.4    1.08
    NGC4119   182.040176    10.378720   0     0     1     1656   16.5  -22.60    0.12   -1.3    1.60
    NGC4143   182.400360    42.534218   1     2     0      946   15.5  -23.10    0.05   -1.9    1.39
    NGC4150   182.640228    30.401487   1     4     0      208   13.4  -21.65    0.08   -2.1    1.20
    NGC4168   183.071808    13.205354   0     1     0     2286   30.9  -24.03    0.16   -4.8    1.48
    NGC4179   183.217087     1.299673   0     0     1     1300   16.5  -23.18    0.14   -1.9    1.30
    NGC4191   183.459915     7.200842   0     0     0     2646   39.2  -23.10    0.09   -1.8    1.06
    NGC4203   183.770935    33.197243   1     2     0     1087   14.7  -23.44    0.05   -2.7    1.47
    NGC4215   183.977142     6.401132   0     0     0     2011   31.5  -23.43    0.07   -0.9    1.18
    NGC4233   184.282043     7.624434   0     1     0     2306   33.9  -23.88    0.10   -2.0    1.19
    NGC4249   184.497650     5.598720   0     0     0     2618   38.7  -21.98    0.09   -1.3    1.10
    NGC4251   184.534607    28.175299   1     1     0     1066   19.1  -23.68    0.10   -1.9    1.29
    NGC4255   184.734100     4.785923   0     0     0     1995   31.2  -22.99    0.09   -1.9    1.10
    NGC4259   184.842468     5.376242   0     0     0     2497   37.2  -22.19    0.08   -2.0    0.89
    NGC4261   184.846924     5.824710   1     5     0     2212   30.8  -25.18    0.08   -4.8    1.58
    NGC4262   184.877426    14.877717   2     1     1     1375   15.4  -22.60    0.16   -2.7    1.10
    NGC4264   184.899078     5.846804   0     0     0     2518   37.5  -23.00    0.08   -1.1    1.14
    NGC4267   184.938675    12.798356   2     1     1     1021   15.8  -23.18    0.20   -2.7    1.58
    NGC4268   184.946762     5.283650   0     0     0     2034   31.7  -23.05    0.08   -0.3    1.20
    NGC4270   184.955978     5.463371   0     0     0     2331   35.2  -23.69    0.08   -2.0    1.21
    NGC4278   185.028320    29.280619   1     9     0      620   15.6  -23.80    0.13   -4.8    1.50
    NGC4281   185.089691     5.386430   0     1     0     2671   24.4  -24.01    0.09   -1.5    1.34
    NGC4283   185.086609    29.310898   1     3     0     1056   15.3  -21.80    0.11   -4.8    1.09
    NGC4324   185.775726     5.250488   0     0     1     1665   16.5  -22.61    0.10   -0.9    1.30
    NGC4339   185.895599     6.081713   1     3     1     1266   16.0  -22.49    0.11   -4.7    1.48
    NGC4340   185.897141    16.722195   0     2     1      933   18.4  -23.01    0.11   -1.2    1.57
    NGC4342   185.912598     7.053936   0     0     1      761   16.5  -22.07    0.09   -3.4    0.82
    NGC4346   185.866425    46.993881   1     1     0      832   13.9  -22.55    0.05   -2.0    1.29
    NGC4350   185.990891    16.693356   0     2     1     1210   15.4  -23.13    0.12   -1.8    1.23
    NGC4365   186.117615     7.317520   2    13     0     1243   23.3  -25.21    0.09   -4.8    1.72
    NGC4371   186.230957    11.704288   2     1     1      933   17.0  -23.45    0.16   -1.3    1.47
    NGC4374   186.265747    12.886960   2    13     1     1017   18.5  -25.12    0.18   -4.3    1.72
    NGC4377   186.301285    14.762218   2     1     1     1338   17.8  -22.43    0.17   -2.6    1.13
    NGC4379   186.311386    15.607498   2     2     1     1074   15.8  -22.24    0.10   -2.8    1.27
    NGC4382   186.350220    18.191080   2     7     1      746   17.9  -25.13    0.13   -1.3    1.82
    NGC4387   186.423813    12.810359   2     3     1      565   17.9  -22.13    0.14   -4.9    1.20
    NGC4406   186.549225    12.945970   2    15     1     -224   16.8  -25.04    0.13   -4.8    1.97
    NGC4417   186.710938     9.584117   2     1     1      828   16.0  -22.86    0.11   -1.9    1.25
    NGC4425   186.805664    12.734803   0     0     1     1908   16.5  -22.09    0.13   -0.6    1.38
    NGC4429   186.860657    11.107540   0     0     1     1104   16.5  -24.32    0.14   -1.1    1.62
    NGC4434   186.902832     8.154311   2     5     0     1070   22.4  -22.55    0.10   -4.8    1.16
    NGC4435   186.918762    13.079021   2     0     1      791   16.7  -23.83    0.13   -2.1    1.49
    NGC4442   187.016220     9.803620   2     1     1      547   15.3  -23.63    0.09   -1.9    1.44
    NGC4452   187.180417    11.755000   0     2     1      188   15.6  -21.88    0.13   -2.0    1.30
    NGC4458   187.239716    13.241916   2     8     1      677   16.4  -21.76    0.10   -4.8    1.37
    NGC4459   187.250107    13.978580   2     3     1     1192   16.1  -23.89    0.19   -1.4    1.56
    NGC4461   187.262543    13.183857   0     0     1     1924   16.5  -23.08    0.10   -0.8    1.40
    NGC4472   187.444992     8.000410   2    18     1      981   17.1  -25.78    0.10   -4.8    1.98
    NGC4473   187.453659    13.429320   2     8     1     2260   15.3  -23.77    0.12   -4.7    1.43
    NGC4474   187.473099    14.068673   2     1     1     1611   15.6  -22.28    0.18   -2.0    1.30
    NGC4476   187.496170    12.348669   2     3     1     1968   17.6  -21.78    0.12   -3.0    1.20
    NGC4477   187.509048    13.636443   0     0     1     1338   16.5  -23.75    0.14   -1.9    1.59
    NGC4478   187.572662    12.328578   2     9     1     1375   17.0  -22.80    0.10   -4.8    1.20
    NGC4483   187.669250     9.015665   2     1     1      906   16.7  -21.84    0.09   -1.3    1.24
    NGC4486   187.705933    12.391100   2    15     1     1284   17.2  -25.38    0.10   -4.3    1.91
   NGC4486A   187.740540    12.270361   2     0     1      758   18.3  -21.82    0.10   -5.0    0.94
    NGC4489   187.717667    16.758696   2     5     1      961   15.4  -21.59    0.12   -4.8    1.42
    NGC4494   187.850143    25.774981   1     9     0     1342   16.6  -24.11    0.09   -4.8    1.69
    NGC4503   188.025803    11.176434   0     0     1     1334   16.5  -23.22    0.22   -1.8    1.45
    NGC4521   188.198853    63.939293   0     0     0     2511   39.7  -23.92    0.08   -0.1    1.21
    NGC4526   188.512619     7.699140   1     5     1      617   16.4  -24.62    0.10   -1.9    1.65
    NGC4528   188.525269    11.321266   2     0     1     1378   15.8  -22.05    0.20   -2.0    1.15
    NGC4546   188.872940    -3.793227   1     2     0     1057   13.7  -23.30    0.15   -2.7    1.40
    NGC4550   188.877548    12.220955   2     3     1      459   15.5  -22.27    0.17   -2.1    1.19
    NGC4551   188.908249    12.264010   2     5     1     1176   16.1  -22.18    0.17   -4.9    1.22
    NGC4552   188.916183    12.556040   2    12     1      344   15.8  -24.29    0.18   -4.6    1.53
    NGC4564   189.112473    11.439320   2     5     1     1155   15.8  -23.08    0.14   -4.8    1.31
    NGC4570   189.222504     7.246663   2     1     1     1787   17.1  -23.48    0.09   -2.0    1.30
    NGC4578   189.377274     9.555121   2     3     1     2292   16.3  -22.66    0.09   -2.0    1.51
    NGC4596   189.983063    10.176031   0     0     1     1892   16.5  -23.63    0.09   -0.9    1.59
    NGC4608   190.305374    10.155793   0     0     1     1850   16.5  -22.94    0.07   -1.9    1.42
    NGC4612   190.386490     7.314782   2     1     1     1775   16.6  -22.55    0.11   -2.0    1.40
    NGC4621   190.509674    11.646930   2     9     1      467   14.9  -24.14    0.14   -4.8    1.63
    NGC4623   190.544601     7.676934   2     1     1     1807   17.4  -21.74    0.10   -1.5    1.31
    NGC4624   191.274826     3.055684   0     0     1      912   16.5  -23.67    0.10   -0.6    1.64
    NGC4636   190.707779     2.687780   1    11     0      930   14.3  -24.36    0.12   -4.8    1.95
    NGC4638   190.697632    11.442459   2     2     1     1152   17.5  -23.01    0.11   -2.7    1.22
    NGC4643   190.833893     1.978399   0     0     1     1333   16.5  -23.69    0.13   -0.6    1.38
    NGC4649   190.916702    11.552610   2    11     1     1110   17.3  -25.46    0.11   -4.6    1.82
    NGC4660   191.133209    11.190533   2     5     1     1087   15.0  -22.69    0.15   -4.7    1.09
    NGC4684   191.822861    -2.727538   1     1     0     1560   13.1  -22.21    0.12   -1.2    1.32
    NGC4690   191.981323    -1.655975   0     0     0     2765   40.2  -22.96    0.13   -3.0    1.25
    NGC4694   192.062881    10.983624   0     0     1     1171   16.5  -22.15    0.17   -2.0    1.47
    NGC4697   192.149612    -5.800850   1     8     0     1252   11.4  -23.93    0.13   -4.4    1.79
    NGC4710   192.412323    15.165490   0     0     1     1102   16.5  -23.53    0.13   -0.9    1.48
    NGC4733   192.778259    10.912103   1     1     1      925   14.5  -21.80    0.09   -3.8    1.52
    NGC4753   193.092133    -1.199690   1     3     0     1163   22.9  -25.09    0.14   -1.4    1.69
    NGC4754   193.073181    11.313660   2     3     1     1351   16.1  -23.64    0.14   -2.5    1.50
    NGC4762   193.233536    11.230800   0     2     0      986   22.6  -24.48    0.09   -1.8    1.64
    NGC4803   193.890289     8.240547   0     0     0     2645   39.4  -22.28    0.13    0.0    0.94
    NGC5103   200.125229    43.084015   0     0     0     1273   23.4  -22.36    0.08    0.0    1.02
    NGC5173   202.105301    46.591572   0     0     0     2424   38.4  -22.88    0.12   -4.9    1.01
    NGC5198   202.547546    46.670830   0     0     0     2519   39.6  -24.10    0.10   -4.8    1.38
    NGC5273   205.534943    35.654240   1     2     0     1085   16.1  -22.37    0.04   -1.9    1.57
    NGC5308   206.751633    60.973038   0     6     0     1998   31.5  -24.13    0.08   -2.1    1.25
    NGC5322   207.313339    60.190411   1     5     0     1780   30.3  -25.26    0.06   -4.8    1.60
    NGC5342   207.857910    59.863014   0     0     0     2189   35.5  -22.61    0.05   -2.0    0.97
    NGC5353   208.361420    40.283123   0     0     0     2198   35.2  -25.11    0.05   -2.1    1.30
    NGC5355   208.439850    40.338795   0     0     0     2344   37.1  -22.40    0.05   -2.1    1.06
    NGC5358   208.501801    40.277420   0     0     0     2412   38.0  -22.01    0.04   -0.2    1.05
    NGC5379   208.893112    59.742825   0     0     0     1774   30.0  -22.08    0.08   -2.0    1.32
    NGC5422   210.175262    55.164478   0     0     0     1838   30.8  -23.69    0.06   -1.5    1.33
    NGC5473   211.180176    54.892620   0     0     0     2022   33.2  -24.25    0.05   -2.7    1.32
    NGC5475   211.301437    55.741802   0     0     0     1671   28.6  -22.88    0.05    1.0    1.22
    NGC5481   211.671722    50.723320   0     2     0     1989   25.8  -22.68    0.08   -3.9    1.35
    NGC5485   211.797134    55.001518   1     3     0     1927   25.2  -23.61    0.07   -2.0    1.45
    NGC5493   212.872421    -5.043663   0     0     0     2665   38.8  -24.49    0.15   -2.1    1.14
    NGC5500   212.563522    48.546066   0     0     0     1914   31.7  -21.93    0.09   -4.9    1.18
    NGC5507   213.332825    -3.148860   0     0     0     1851   28.5  -23.19    0.26   -2.3    1.09
    NGC5557   214.607117    36.493690   0     3     0     3219   38.8  -24.87    0.03   -4.8    1.46
    NGC5574   215.233109     3.237995   1     1     0     1589   23.2  -22.30    0.13   -2.8    1.13
    NGC5576   215.265381     3.271049   1     3     0     1506   24.8  -24.15    0.13   -4.8    1.34
    NGC5582   215.179703    39.693584   1     3     0     1430   27.7  -23.28    0.06   -4.9    1.44
    NGC5611   216.019897    33.047501   1     1     0     1968   24.5  -22.20    0.05   -1.9    1.00
    NGC5631   216.638687    56.582664   1     1     0     1944   27.0  -23.70    0.09   -1.9    1.32
    NGC5638   217.418289     3.233443   1     3     0     1652   25.6  -23.80    0.14   -4.8    1.45
    NGC5687   218.718201    54.475685   1     1     0     2143   27.2  -23.22    0.05   -3.0    1.36
    NGC5770   223.312653     3.959721   1     1     0     1471   18.5  -22.15    0.17   -2.0    1.23
    NGC5813   225.296936     1.701970   1     4     0     1956   31.3  -25.09    0.25   -4.8    1.76
    NGC5831   226.029266     1.219917   1     3     0     1645   26.4  -23.69    0.25   -4.8    1.40
    NGC5838   226.359467     2.099356   0     0     0     1341   21.8  -24.13    0.23   -2.6    1.40
    NGC5839   226.364471     1.634633   1     1     0     1220   22.0  -22.53    0.23   -2.0    1.22
    NGC5845   226.503281     1.633824   1     2     0     1472   25.2  -22.92    0.23   -4.9    0.80
    NGC5846   226.621887     1.605637   1     6     0     1712   24.2  -25.01    0.24   -4.7    1.77
    NGC5854   226.948853     2.568560   0     0     0     1663   26.2  -23.30    0.23   -1.1    1.26
    NGC5864   227.389786     3.052741   0     0     0     1874   29.0  -23.62    0.19   -1.7    1.35
    NGC5866   226.623169    55.763309   1     3     0      755   14.9  -24.00    0.06   -1.3    1.56
    NGC5869   227.456055     0.469967   0     1     0     2065   24.9  -23.27    0.24   -2.3    1.31
    NGC6010   238.579773     0.543033   0     0     0     2022   30.6  -23.53    0.45    0.4    1.16
    NGC6014   238.989105     5.931838   0     0     0     2381   35.8  -22.99    0.22   -1.9    1.35
    NGC6017   239.314529     5.998364   1     1     0     1788   29.0  -22.52    0.23   -5.0    0.85
    NGC6149   246.851151    19.597290   0     0     0     2427   37.2  -22.60    0.30   -1.9    1.03
    NGC6278   255.209763    23.010956   0     0     0     2832   42.9  -24.19    0.27   -1.9    1.22
    NGC6547   271.291748    25.232645   0     0     0     2677   40.8  -23.60    0.50   -1.3    1.06
    NGC6548   271.496826    18.587217   1     1     0     2208   22.4  -23.19    0.35   -1.9    1.35
    NGC6703   281.828522    45.550648   1     4     0     2373   25.9  -23.85    0.37   -2.8    1.34
    NGC6798   291.013306    53.624752   0     0     0     2360   37.5  -23.52    0.57   -2.0    1.23
    NGC7280   336.614899    16.148266   1     2     0     1845   23.7  -22.83    0.24   -1.3    1.33
    NGC7332   339.352173    23.798351   1     1     0     1197   22.4  -23.75    0.16   -1.9    1.24
    NGC7454   345.277130    16.388371   1     3     0     2020   23.2  -23.00    0.33   -4.7    1.41
    NGC7457   345.249725    30.144892   1     3     0      844   12.9  -22.38    0.23   -2.6    1.56
    NGC7465   345.503967    15.964876   0     0     0     1960   29.3  -22.82    0.33   -1.9    0.90
    NGC7693   353.293671    -1.292010   0     0     0     2502   35.4  -21.58    0.15   -1.0    1.11
    NGC7710   353.942261    -2.880941   0     0     0     2407   34.0  -21.99    0.15   -1.9    0.92
  PGC016060    72.143387    -3.867104   0     0     0     2764   37.8  -22.64    0.19   -0.6    1.01
  PGC028887   149.931290    11.660812   0     0     0     2833   41.0  -22.26    0.17    0.0    1.08
  PGC029321   151.463226    12.961213   0     0     0     2816   40.9  -21.66    0.16    0.0    0.89
  PGC035754   173.614716    33.178913   0     0     0     2534   39.0  -21.90    0.11   -3.0    0.83
  PGC042549   190.316513    -5.009177   0     0     0     2822   40.7  -22.71    0.11   -5.0    1.06
  PGC044433   194.578110    13.391409   0     0     0     2675   40.1  -22.25    0.13    0.0    0.71
  PGC050395   211.913544    54.794575   0     0     0     2322   37.2  -21.92    0.05    0.0    1.04
  PGC051753   217.310318    44.699104   0     0     0     2418   38.3  -21.92    0.05    0.0    1.01
  PGC054452   228.894180     2.248187   0     0     0     1918   29.5  -21.59    0.18   -2.0    1.14
  PGC056772   240.548340     7.085953   0     0     0     2655   39.5  -22.06    0.19   -2.0    0.93
  PGC058114   246.517838     2.906550   0     0     0     1507   23.8  -21.57    0.29   -2.0    0.97
  PGC061468   272.360748    19.117682   0     0     0     2371   36.2  -21.68    0.35    0.0    1.06
  PGC071531   352.121338    19.863962   0     0     0     2030   30.4  -21.74    0.53   -4.0    0.88
  PGC170172   176.731720    -5.187745   0     0     0     2562   37.1  -21.89    0.08   -5.0    0.89
   UGC03960   115.094856    23.275089   0     0     0     2255   33.2  -21.89    0.20   -4.9    1.24
   UGC04551   131.024582    49.793968   0     0     0     1728   28.0  -22.92    0.10   -2.0    1.03
   UGC05408   150.966095    59.436138   0     0     0     2998   45.8  -22.03    0.06   -3.3    0.84
   UGC06062   164.656662     9.050468   0     0     0     2634   38.7  -22.82    0.13   -2.0    1.05
   UGC06176   166.852753    21.657185   0     0     0     2677   40.1  -22.66    0.08   -2.0    1.03
   UGC08876   209.241943    45.973179   0     0     0     2085   33.9  -22.37    0.04   -0.1    0.93
   UGC09519   221.588028    34.370651   0     0     0     1631   27.6  -21.98    0.09   -1.9    0.87
######################################################################################################
