# Table 1
# Integrated Measurements of SINGS Galaxies
# Name (1)	
# Distance (Mpc) (2)	
# log(Halpha+[N II]) (erg s^-1 cm^-2) (3)	
# Halpha/Hbeta (4)	
# [N II]/Halpha (5)	
# S_nu(25 mum) (Jy) (6)	
# S_nu(60 mum) (Jy) (7)	
# S_nu(100 mum) (Jy) (8)	
# References (Halpha/Hbeta) (9)	
# References ([N II]/Halpha) (10)	
# References (IRAS) (11)	
NGC0024	7.3	-11.87  0.04	2.902  0.219	0.373  0.034	0.16  0.046	1.26  0.139	3.59  0.395	3	3	103	
NGC0337	22.4	-11.43  0.03	3.465  0.042	0.230  0.004	0.76  0.050	9.07  0.043	20.11  0.387	1	1	101	
NGC0628	7.3	-10.84  0.04	3.215  0.225	0.345  0.046	2.87  0.060	21.54  0.045	54.45  0.229	3;5;7;8	5;6;7;8	101	
NGC0855	9.73	-12.23  0.04	3.292  0.121	0.185  0.011	 nan 	 nan 	 nan 	3	3	 nan 	nan	nan	nan
NGC0925	9.12	-11.10  0.70	3.323  0.269	0.201  0.066	0.83  0.034	7.82  0.041	21.08  0.087	7;9	7;9	101	
NGC1097	17.1	-10.95	nan	5.134  0.160	0.69  0.41	7.30  0.041	53.35  0.038	104.79  0.122	3	4	101	
NGC1482	23.2	-11.80  0.05	5.682  0.202	0.692  0.010	4.68  0.044	33.36  0.060	46.73  0.068	3	3	101	
NGC1512	11.8	-11.66  0.10	4.082  0.329	0.34  0.20	0.24  0.024	3.14  0.157	11.00  0.550	3	4	103	
NGC1566	20.4	-10.88  0.08	4.744  1.121	0.623  0.057	3.02  0.020	22.53  0.026	58.05  0.120	3;10	10	101	
NGC1705	5.1	-11.50  0.02	2.86  0.034	0.088  0.004	 nan 	 nan 	 nan 	3	3	 nan 	nan	nan	nan
NGC2403	3.13	-10.25  0.04	3.418  0.271	0.217  0.045	6.29  0.944	51.55  7.733	148.49  22.274	5;7;24;25	5;6;7;24;25	102	
HoII	3.39	-11.27  0.04	2.86  0.202^c	0.12  0.07	 nan 	 nan 	 nan 	assume	4	 nan 	nan	nan	nan
DDO053	3.56	-12.43  0.12	2.995  0.064	0.023  0.007	 nan 	 nan 	 nan 	1	1	 nan 	nan	nan	nan
NGC2798	26.2	-11.84  0.06	4.764  0.132	0.36  0.08	3.21  0.031	20.60  0.048	29.69  0.156	3	2	101	
NGC2841	14.1	-11.64  0.22	2.86  0.212	0.612  0.083	0.83  0.125	4.41  0.662	24.21  3.632	3;12	6	102	
NGC2915	3.78	-11.95  0.05	2.86  0.086	0.145  0.009	 nan 	 nan 	 nan 	3	3	 nan 	nan	nan	nan
HoI	3.84	-12.44  0.05	2.86  0.645	0.075  0.077	 nan 	 nan 	 nan 	15	15	 nan 	nan	nan	nan
NGC2976	3.56	-11.19  0.06	3.409  0.086	0.357  0.008	1.71  0.020	13.09  0.029	33.43  0.344	3	3	101	
NGC3049	23.9	-11.93  0.07	3.914  0.189	0.404  0.014	0.43  0.055	2.82  0.169	4.24  0.297	1	1	103	
NGC3031	3.55	-10.32  0.05	3.033  0.368	0.545  0.084	5.42  0.813	44.73  6.710	174.02  26.103	11	6;11;19	101;102	
HoIX	3.7	-13.07  0.14	2.86  0.202^c	0.04  0.02	 nan 	 nan 	 nan 	assume	4	 nan 	nan	nan	nan
M81DwB	5.3	-12.86  0.05	2.916  0.174	0.05  0.03	 nan 	 nan 	 nan 	3	4	 nan 	nan	nan	nan
NGC3190	26.38	-12.68  0.05	2.86  0.392	1.532  0.197	0.35  0.084	3.19  0.351	10.11  0.506	3	3	103	
NGC3184	11.1	-11.12  0.05	3.664  0.247	0.523  0.052	1.32  0.025	8.72  0.029	28.58  0.118	3;5;7	5;7	101	
NGC3198	13.68	-11.40  0.04	3.447  0.160	0.304  0.018	1.08  0.029	7.15  0.041	18.44  0.103	1	1	101	
IC2574	4.02	-11.23  0.07	3.722  0.141	0.046  0.017	0.08  0.012	2.41  0.362	10.62  1.593	15	15	102	
NGC3265	23.2	-12.28  0.07	4.466  0.133	0.532  0.010	0.36  0.055	2.18  0.174	3.39  0.204	1	1	103	
Mrk33	22.9	-11.70  0.01	3.596  0.020	0.270  0.002	0.95  0.057	4.68  0.281	5.32  0.319	1;3	1;3	103	
NGC3351	9.33	-11.24  0.08	3.802  0.251	0.655  0.027	2.79  0.053	19.66  0.062	41.10  0.102	3;5;12	1	101	
NGC3521	10.1	-10.85  0.04	4.769  0.109	0.558  0.008	5.46  0.082	49.19  0.100	121.76  0.405	1	1	101	
NGC3621	6.55	-10.55  0.04	3.970  0.460	0.402  0.071	4.44  0.048	29.32  0.044	77.34  0.144	3;9	9	101	
NGC3627	9.38	-10.74  0.05	4.611  0.350	0.55  0.05	8.55  0.071	66.31  0.059	136.56  0.118	3;22	4;22	101	
NGC3773	11.9	-11.99  0.07	3.273  0.041	0.233  0.004	 nan 	 nan 	 nan 	1	1	 nan 	nan	nan	nan
NGC3938	13.4	-11.25  0.00	3.978  0.876	0.42  0.25	1.23  0.020	9.18  0.029	27.50  0.077	3	4	101	
NGC4254	16.5	-10.89  0.04	4.526  0.058	0.449  0.004	4.38  0.045	37.46  0.080	91.86  0.149	1	1	101	
NGC4321	14.32	-11.06  0.07	5.105  1.265	0.430  0.015	3.10  0.053	26.00  0.050	68.37  0.101	1;3	1	101	
NGC4450	16.5	-12.21  0.04	3.757  0.502	0.51  0.31	 nan 	 nan 	 nan 	3	4	 nan 	nan	nan	nan
NGC4536	14.45	-11.38  0.03	3.927  0.190	0.454  0.092	4.04  0.060	30.26  0.042	44.51  0.141	22;23	22	101	
NGC4559	10.3	-10.97  0.05	3.528  0.232	0.281  0.148	1.03  0.030	10.23  0.044	25.41  0.074	3;9	9	101	
NGC4569	16.5	-11.53  0.22	5.042  0.498	0.992  0.056	2.06  0.070	9.80  0.065	26.56  0.173	3;23	1	101	
NGC4579	16.5	-11.48  0.01	3.211  0.217	0.62  0.37	0.78  0.047	5.93  0.054	21.39  0.243	3	4	101	
NGC4625	9.2	-12.03  0.06	3.537  0.116	0.525  0.014	0.19  0.040	1.20  0.132	3.58  0.250	1	1	103	
NGC4631	7.62	-10.55  0.06	3.711  0.063	0.28  0.06	8.97  0.046	85.40  0.062	160.08  0.260	3	2	101	
NGC4736	5.20	-10.72  0.06	3.576  0.046	0.711  0.006	6.11  0.040	71.54  0.085	120.69  0.199	1	1	101	
DDO154	4.3	-12.76  0.05	2.86  0.217	0.05  0.03	 nan 	 nan 	 nan 	13;14	4	 nan 	nan	nan	nan
NGC4826	7.48	-11.15  0.11	3.578  0.166	0.72  0.02	2.86  0.059	36.70  0.077	81.65  0.099	3	3	101	
DDO165	4.57	-12.91  0.10	2.86  0.202^c	0.08  0.05	 nan 	 nan 	 nan 	assume	4	 nan	nan	nan	nan 	
NGC5033	14.8	-11.23  0.09	5.095  0.218	0.48  0.29	2.14  0.033	16.20  0.073	50.23  0.092	3	4	101	
NGC5055	7.8	-10.80  0.07	4.849  1.132	0.486  0.019	6.36  0.050	40.00  0.049	139.82  0.356	5	5	101	
NGC5194	8.40	-10.45  0.04	4.310  0.064	0.590  0.006	9.56  0.077	97.42  0.193	221.21  0.329	1	1	101	
Tol89	16.7	-11.79	nan	3.065  0.106	0.26  0.16	0.27  0.035	1.56  0.078	2.70  0.270	3;21	4	103	
NGC5408	4.81	-11.33  0.02	3.381  0.591	0.056  0.030	0.44  0.011	2.83  0.141	2.96  0.325	16;21	16;21	103	
NGC5474	6.8	-11.65  0.03	2.86  0.095	0.22  0.13	0.08  0.017	1.33  0.067	4.80  0.240	3	4	103	
NGC5713	29.4	-11.63  0.00	4.085  0.054	0.550  0.005	2.84  0.038	22.10  0.065	37.28  0.088	3	3	101	
NGC6822	0.460	-10.54  0.04	3.252  0.228	0.048  0.032	2.46  0.369	47.63  7.140	95.42  14.300	17;18	17;18	102	
NGC6946	6.8	-10.42  0.06	3.415  0.407	0.448  0.087	20.70  0.029	129.78  0.071	290.69  0.458	5;8	5;8	101	
NGC7331	14.52	-11.07  0.03	3.671  1.064	0.610  0.039	5.92  0.036	45.00  0.091	110.16  0.468	12	6	101	
NGC7793	3.91	-10.60  0.08	3.723  0.233	0.310  0.072	1.67  0.048	18.14  0.048	54.07  0.089	3;5;20	5;20	101	

Notes.
a No error was given in the original paper.
b This value is from R. C. Kennicutt et al. 2009 (in preparation). No error was given.
c They are low metallicity galaxies. The Halpha/Hbeta ratio is assumed to be 2.86 so that the estimated extinction is zero under the Case B assumption made in this paper. The error is the median error of the remaining galaxies.
References. (1) MK06; (2) Kennicutt 1992; (3) J. Moustakas et al. 2009, in preparation; (4) [N ii]/Halpha-MB relation from Kennicutt et al. 2008; (5) McCall et al. 1985; (6) Bresolin et al. 1999; (7) van Zee et al. 1998; (8) Ferguson et al. 1998; (9) Zaritsky et al. 1994; (10) Hawley & Phillips 1980; (11) Garnett & Shields 1987; (12) Oey & Kennicutt 1993; (13) van Zee et al. 1997; (14) Kennicutt & Skillman 2001; (15) Miller & Hodge 1996; (16) Stasinska et al. 1986; (17) Peimbert et al. 2005; (18) Lee et al. 2006; (19) Stauffer & Bothun 1984; (20) Webster & Smith 1983; (21) Terlevich et al. 1991; (22) R. C. Kennicutt (2009, unpublished); (23) this work; (24) Garnett et al. 1997; (25) Garnett et al. 1999; (101) Sanders et al. 2003; (102) Rice et al. 1988; (103) Moshir et al. 1990.
