#ID  Flag(0:phot,1:12m,2:7m+tp,3:7m) Inc[deg]   PA[deg]   Vsys[km/s]  RA[deg]   DEC[deg]
    ic1954  1      56.32   63.14  1034.32   52.87970734  -51.90486145
    ic5273  1      53.14  236.15  1287.10  344.86117554  -37.70283890
    ic5332  0      24.03   74.70   697.43  353.61444092  -36.10105896
   ngc0628  3       8.70   20.89   650.60   24.17385483   15.78364277
   ngc0685  3      28.39  100.14  1347.68   26.92845154  -52.76197815
   ngc1087  2      41.34   -2.71  1501.27   41.60491943   -0.49871749
   ngc1097  0      48.64  126.50  1257.50   41.57895660  -30.27467537
   ngc1300  2      40.22  275.11  1544.23   49.92081451  -19.41111374
   ngc1317  1      25.31  222.97  1931.89   50.68453979  -37.10379028
   ngc1365  0      55.41  210.70  1613.31   53.40151978  -36.14040375
   ngc1385  2      46.35  180.63  1476.40   54.36901474  -24.50116158
   ngc1433  0      28.63  204.30  1057.39   55.50619507  -47.22194290
   ngc1511  1      76.47  298.66  1335.36   59.90245819  -67.63392639
   ngc1512  2      36.45  263.73   869.73   60.97557449  -43.34872437
   ngc1546  3      66.65  149.61  1245.59   63.65121841  -56.06089783
   ngc1559  3      60.07  246.73  1274.36   64.40238190  -62.78340912
   ngc1566  2      23.24  216.40  1483.11   65.00158691  -54.93801117
   ngc1637  2      42.06  209.55   713.41   70.36742401   -2.85793591
   ngc1672  1      37.53  135.66  1318.70   71.42704010  -59.24725723
   ngc1792  3      64.52  319.72  1176.29   76.30969238  -37.98056030
   ngc1809  0      80.50  144.80  1290.44   75.52066040  -69.56793976
   ngc2090  1      64.71  192.03   897.67   86.75787354  -34.25059891
   ngc2283  2      38.09   -4.10   822.66  101.46997070  -18.21080017
   ngc2566  0      48.51  235.61  1609.61  124.69003296  -25.49951935
   ngc2775  0      34.17  163.50  1338.69  137.58395386    7.03806591
   ngc2835  2      47.85    1.57   866.80  139.47044373  -22.35467911
   ngc2903  3      64.53  205.26   548.13  143.04211426   21.50084114
   ngc2997  3      31.56  109.39  1076.60  146.41163635  -31.19108963
   ngc3059  3      19.46  -13.37  1237.37  147.53399658  -73.92219543
   ngc3137  3      69.98   -0.70  1087.19  152.28115845  -29.06430054
   ngc3351  0      45.14  188.40   774.69  160.99064636   11.70366955
   ngc3507  3      24.93   56.66   970.00  165.85572815   18.13552094
   ngc3511  3      73.78  257.70  1096.40  165.84921265  -23.08671379
   ngc3521  3      68.46  343.22   798.80  166.45239258   -0.03594875
   ngc3596  0      16.94  108.20  1188.33  168.77580261   14.78706646
   ngc3621  3      65.81  343.46   723.81  169.56791687  -32.81259918
   ngc3626  0      46.60  163.20  1470.68  170.01588440   18.35684586
   ngc3627  1      54.95  174.05   715.57  170.06251526   12.99149990
   ngc4207  3      49.05  120.50   606.79  183.87681580    9.58492756
   ngc4254  1      37.84   67.71  2387.81  184.70680237   14.41641235
   ngc4293  0      65.04   64.00   926.25  185.30346680   18.38257408
   ngc4298  3      59.41  313.97  1139.09  185.38650513   14.60610962
   ngc4303  1      26.45  311.73  1559.50  185.47888184    4.47374392
   ngc4321  1      38.28  157.18  1570.65  185.72886658   15.82230377
   ngc4424  0      58.18   85.20   447.40  186.79820251    9.42063713
   ngc4457  1      39.20   79.68   885.47  187.24592590    3.57061958
  ngc4496a  1      38.94   49.08  1723.32  187.91354370    3.93960810
   ngc4535  1      40.74  179.77  1953.05  188.58459473    8.19797325
   ngc4536  3      64.81  307.04  1794.05  188.61277771    2.18824291
   ngc4540  1      31.61   14.79  1287.27  188.71192932   15.55172443
   ngc4548  0      38.31  149.20   482.74  188.86024475   14.49633121
   ngc4569  3      69.65   21.10  -227.99  189.20759583   13.16287518
   ngc4571  3      31.78  217.69   343.29  189.23492432   14.21732712
   ngc4579  3      40.10   91.84  1516.53  189.43138123   11.81821728
   ngc4654  3      54.04  123.74  1051.38  190.98574829   13.12671471
   ngc4689  1      38.13  164.14  1614.46  191.93989563   13.76272392
   ngc4694  0      60.66    0.30  1168.41  192.06269836   10.98372555
   ngc4731  0      64.00  262.20  1483.59  192.75503540   -6.39283943
   ngc4781  3      56.78  286.78  1247.88  193.59916687  -10.53711605
   ngc4826  3      61.12  294.29   410.84  194.18183899   21.68308258
   ngc4941  1      49.73  202.45  1115.57  196.05461121   -5.55153608
   ngc4951  2      64.97   91.19  1174.83  196.28213501   -6.49382353
   ngc5042  3      49.64  189.56  1386.72  198.87919617  -23.98388290
   ngc5068  0      26.95  300.10   667.25  199.72807312  -21.03874397
   ngc5128  3      68.86  303.10   571.82  201.35868835  -43.01608276
   ngc5134  1      25.93  315.31  1748.88  201.32725525  -21.13419533
   ngc5248  3      48.15  105.47  1162.84  204.38336182    8.88519478
   ngc5530  3      61.56  305.52  1183.23  214.61380005  -43.38825989
   ngc5643  0      29.89  267.60  1191.28  218.16990662  -44.17461014
   ngc6300  1      50.22  105.11  1102.14  259.24780273  -62.82054901
   ngc6744  1      53.02   14.01   832.02  287.44207764  -63.85754013
   ngc7456  0      75.22   22.90  1195.15  345.54306030  -39.56941223
   ngc7496  0       9.05  213.20  1639.24  347.44702148  -43.42784882
