# Sanchez-Gallego et al. 2012
# column 1: Galaxy
# column 2: Class  	
# column 3: vrec (km s−1)
# column 4: Distance (Mpc)  	
# column 5: Error in distance
# column 6: major axis (arcmin)  	
# column 7: major axis (arcmin)  	
# column 8: M(B) (mag)  	
# column 9: k  	
# column 10: eta (per cent)  	
# column 11: f(ha+nii) (10−13 erg cm−2 s−1)  	
# column 12: error in f(ha+nii)
# column 13: A_T (mag)  	
# column 14: xi_obs (NII/Ha)  	
# column 15: L(halpha) (1E40 erg s−1)  	
# column 16: error in L(halpha)
# column 17: SFR (Msun yr−1)  
# column 18: error in SFR (Msun yr−1)  	
# column 19: Halpha EW (angstroms) 
# column 20: error in Halpha EW
# column 21: Reference for EW (disregard here)
NGC0024  	SAsc  	     554  	7.6 	1.1  	5.8	1.3  	−15.49  	0.011  	1.1  	18.0 	3.1  	0.3  	0.03  	1.6 0.6  	0.09 0.03  	19 1 [3] 
ESO538−024  	IBsm  	     1551  	21.4 	3.2  	1.4	1.2  	−16.44  	0.014  	1.1  	1.8 	0.3  	0.4  	0.02  	1.3 0.5  	0.07 0.02  	28 6 [1] 
NGC0210  	SABsb  	     1663  	23.1 	3.5  	5.0	3.3  	−19.76  	0.516  	0.0  	52.6 	8.9  	0.8  	0.3  	47.8 16.5  	2.53 0.87  	31 7 [1] 
NGC0216  	S0  	     1541  	21.0 	3.1  	2.0	0.7  	−17.44  	0.015  	1.1  	5.1 	0.9  	0.5  	0.03  	4.1 1.4  	0.22 0.08  	13 3 [1] 
IC0051  	S0  	     1753  	23.8 	3.6  	1.3	1.2  	−17.70  	0.015  	1.1  	2.7 	0.5  	0.5  	0.03  	2.8 1.0  	0.15 0.05  	8 2 [1] 
NGC0274  	SABr  	     1773  	24.6 	3.7  	2.3	1.5  	−18.66  	0.012  	1.1  	6.4 	1.1  	0.7  	0.04  	8.8 3.0  	0.46 0.16  	7 1 [1] 
NGC0337  	SBsd  	     1648  	23.1 	3.5  	2.9	1.8  	−19.32  	0.009  	1.1  	27.2 	4.6  	0.9  	0.13  	34.5 11.9  	1.83 0.63  	43 9 [1] 
NGC0404  	SAs0  	     −48  	2.8 	0.4  	3.5	3.5  	−13.79  	0.035  	3.5  	18.1 	3.1  	0.3  	0.03  	0.2 0.1  	0.01 0.00  	6 1 [1] 
NGC0450  	SABscd       1761  	25.0 	3.7  	3.1	2.3  	−18.11  	NaN  	2.0  	19.7 	3.4  	0.6  	0.16  	21.3 7.3  	1.13 0.39  	53 5 [3] 
NGC0473  	SABr0/a      2222  	31.3 	4.7  	1.7	1.1  	−18.67  	NaN  	2.0  	3.4 	0.6  	1.0  	0.2  	8.0 2.8  	0.43 0.15  	12 4 [3] 
NGC0584  	E4  	     1802  	20.1 	3.0  	4.2	2.3  	−20.14  	0.010  	1.1  	7.2 	1.2  	1.3  	0.14  	10.2 3.5  	0.54 0.19  	3 1 [1] 
NGC0615  	SArsb  	     1948  	25.6 	3.8  	3.6	1.4  	−19.18  	0.010  	1.5  	12.9 	2.2  	0.7  	0.1  	17.0 5.9  	0.90 0.31  	16 3 [1] 
NGC0628  	SAsc  	     657  	7.3 	1.1  	10.5	9.5  	−18.51  	NaN  	1.1  	146.1 	24.8  	0.9  	0.09  	18.9 6.5  	1.00 0.35  	35 4 [3] 
ESO477−016  	Sb  	     1646  	24.2 	3.6  	2.8	0.3  	−16.78  	0.018  	1.5  	3.6 	0.6  	0.4  	0.04  	3.5 1.2  	0.18 0.06  	32 6 [1] 
NGC0855  	E  	     575  	9.7 	1.5  	2.6	1.0  	−15.06  	0.014  	1.1  	7.8 	1.3  	1.3  	0.01  	2.8 1.0  	0.15 0.05  	40 4 [3] 
NGC0925  	SABsd  	     553  	9.1 	1.4  	10.5	5.9  	−17.56  	0.046  	4.2  	26.9 	4.6  	0.8  	0.13  	4.9 1.7  	0.26 0.09  	25 2 [3] 
NGC1036  	Pec?  	     802  	12.5 	1.9  	1.4	1.0  	−15.69  	0.013  	3.0  	13.9 	2.4  	0.6  	0.02  	4.3 1.5  	0.23 0.08  	50 10 [1] 
NGC1140  	IBm  	     1501  	20.1 	3.0  	1.7	0.9  	−18.42  	0.017  	1.1  	30.0 	5.1  	0.5  	0.04  	22.5 7.8  	1.19 0.41  	48 10 [1] 
NGC1156  	IBsm  	     375  	7.2 	1.1  	3.3	2.5  	−14.57  	NaN  	2.0  	26.5 	4.5  	0.8  	0.04  	3.3 1.1  	0.17 0.06  	74 7 [3] 
ESO481−019  	IBsm  	     1480  	19.8 	3.0  	2.0	1.7  	−16.43  	0.012  	1.5  	9.3 	1.6  	0.3  	0.03  	5.7 2.0  	0.30 0.10  	193 41 [1] 
NGC1325  	SAsbc  	     1646  	20.6 	3.1  	4.7	1.6  	−19.29  	0.012  	1.1  	12.7 	2.2  	0.7  	0.06  	12.0 4.1  	0.63 0.22  	12 2 [1] 
NGC2146A  	SABsc  	     1386  	25.9 	3.9  	3.0	1.1  	−18.04  	NaN  	1.8  	2.7 	0.5  	0.8  	0.15  	4.0 1.4  	0.21 0.07  	17 4 [3] 
NGC2403  	SABscd       131  	3.2 	0.5  	21.9	12.3  	−18.03  	NaN  	4.2  	791.6 	134.6 	0.7  	0.16  	16.2 5.6  	0.86 0.30  	50 15 [3] 
UGC04305  	Im  	     142  	3.4 	0.5  	7.9	6.3  	−15.96  	0.012  	4.2  	48.2 	8.2  	0.4  	0.07  	0.9 0.3  	0.05 0.02  	37 4 [3] 
PGC023521  	I  	     113  	3.6 	0.5  	1.3	0.7  	−11.05  	0.240  	4.5  	0.2 	0.0  	0.1  	0.01  	0.0 0.0  	0.00 0.00  	98 23 [1] 
NGC2742  	SAsc  	     1285  	22.7 	3.4  	3.0	1.5  	−19.40  	NaN  	0.0  	18.2 	3.1  	1.0  	0.26  	20.1 6.9  	1.06 0.37  	21 2 [3] 
NGC2787  	SBr0+  	     696  	14.4 	2.2  	3.2	2.0  	−18.31  	0.011  	1.5  	8.0 	1.4  	1.1  	0.07  	4.9 1.7  	0.26 0.09  	3 1 [1] 
NGC2841  	SArb  	     638  	14.1 	2.1  	8.1	3.5  	−20.14  	NaN  	4.2  	38.2 	6.5  	1.4  	0.38  	19.7 6.8  	1.04 0.36  	7 3 [2] 
UGC05139  	IABsm  	     139  	3.6 	0.5  	3.6	3.0  	−14.26  	NaN  	2.0  	3.6 	0.6  	0.3  	0.04  	0.1 0.0  	0.00 0.00  	55 6 [3] 
NGC2976  	SAc  	     3  	3.6 	0.5  	5.9	2.7  	−14.65  	NaN  	2.0  	62.0 	10.5  	0.5  	0.04  	1.4 0.5  	0.07 0.03  	35 3 [3] 
UGC05272  	ImIII  	     524  	7.0 	1.1 	2.1	0.8  	−15.71  	0.250  	4.5  	1.8 	0.3  	0.4  	0.06  	0.1 0.0  	0.01 0.00  	62 6 [3] 
NGC3049  	SBrsab       1455  	22.7 	3.4  	2.1	1.1  	−19.85  	0.044  	4.5  	18.1 	3.1  	0.9  	0.34  	16.7 5.8  	0.88 0.30  	65 13 [1] 
NGC3031  	SAsab  	     −34  	3.6 	0.5 	26.9	14.1  	−16.21  	0.060  	3.0  	1849.0 	314.3 	0.5  	0.08  	42.4 14.6  	2.25 0.77  	10 1 [3] 
NGC3034  	I0  	     203  	3.6 	0.5  	11.2	4.3  	−18.63  	0.041  	4.2  	766.9 	130.4 	1.4  	0.21  	33.6 11.6  	1.78 0.61  	64 5 [3] 
UGC05336  	Im  	     46  	3.6 	0.5  	2.5	2.0  	−11.93  	NaN  	3.0  	1.1 	0.2  	0.3  	0.01  	0.0 0.0  	0.00 0.00  	18 4 [3] 
NGC3077  	I0  	     14  	2.5 	0.4  	5.4	4.5  	−15.07  	0.217  	4.5  	51.5 	8.8  	0.4  	0.05  	0.5 0.2  	0.03 0.01  	42 4 [3] 
UGC05423  	Im  	     347  	3.6 	0.5  	0.9	0.6  	−14.81  	0.028  	3.0  	4.7 	0.8  	0.4  	0.04  	0.1 0.0  	0.01 0.00  	27 4 [3] 
NGC3162  	SABrsbc      1384  	21.7 	3.3  	3.0	2.5  	−19.52  	0.022  	2.5  	75.8 	12.9  	0.4  	0.25  	44.4 15.3  	2.36 0.81  	102 21 [1] 
NGC3190  	SAsa  	     1271  	21.3 	3.2  	4.4	1.5  	−19.57  	NaN  	4.5  	8.5 	1.5  	1.3  	0.3  	10.6 3.7  	0.56 0.19  	3 2 [2] 
NGC3184  	SABrscd      592  	11.1 	1.7  	7.4	6.9  	−19.92  	NaN  	4.2  	69.9 	11.9  	1.2  	0.35  	19.7 6.8  	1.04 0.36  	13 6 [2] 
NGC3198  	SBrsc  	     663  	13.7 	2.1  	8.5	3.3  	−19.54  	NaN  	4.2  	38.4 	6.5  	1.0  	0.3  	14.7 5.1  	0.78 0.27  	34 17 [2] 
NGC3227  	SABs  	     1157  	23.1 	3.5  	5.4	3.6  	−20.26  	0.020  	3.0  	4.5 	0.8  	0.9  	0.37  	4.0 1.4  	0.21 0.07  	13 3 [1] 
IC2574  	SABsm  	     57  	3.8 	0.6  	13.2	5.4  	−15.74  	0.047  	4.2  	89.8 	15.3  	0.4  	0.07  	2.0 0.7  	0.11 0.04  	31 8 [3] 
NGC3254  	SAsbc  	     1262  	23.2 	3.5  	5.0	1.6  	−19.37  	0.014  	1.5  	16.1 	2.7  	1.0  	0.11  	23.6 8.1  	1.25 0.43  	13 3 [1] 
NGC3265  	Elliptical   1319  	22.7 	3.4  	1.3	1.0  	−18.78  	NaN  	4.5  	5.0 	0.9  	0.6  	0.22  	4.0 1.4  	0.21 0.07  	46 22 [2] 
UGC05720  	Im  	     1430  	25.0 	3.8  	1.1	0.8  	−18.33  	NaN  	4.5  	21.3 	3.6  	0.7  	0.18  	24.1 8.3  	1.28 0.44  	80 38 [2] 
NGC3351  	SBrb  	     778  	9.3 	1.4  	3.1	2.9  	−20.42  	0.047  	4.2  	101.5 	17.3  	1.4  	0.42  	22.5 7.8  	1.19 0.41  	16 3 [3] 
NGC3353  	BCD/Irr	     944  	18.0 	2.7  	1.2	0.8  	−17.67  	0.018  	1.5  	19.3 	3.3  	0.5  	0.05  	11.6 4.0  	0.62 0.21  	49 10 [1] 
NGC3413  	S0  	     667  	8.8 	1.3  	2.2	0.9  	−17.46  	0.029  	3.0  	9.4 	1.6  	0.5  	0.11  	1.2 0.4  	0.06 0.02  	36 7 [1] 
NGC3447B  	IBsm  	     1023  	17.0 	2.6  	4.2	2.3  	NaN  		0.028  	2.5  	4.9 	0.8  	0.4  	0.0  	2.4 0.8  	0.13 0.04  	119 25 [1] 
UGC06029  	Pec  	     1403  	24.2 	3.6  	1.0	0.9  	−17.64  	0.019  	1.5  	9.6 	1.6  	0.4  	0.05  	9.5 3.3  	0.50 0.17  	137 29 [1] 
NGC3507  	SBsb  	     967  	14.3 	2.1  	3.4	2.9  	−19.56  	NaN  	2.0  	41.0 	7.0  	1.0  	0.29  	17.4 6.0  	0.92 0.32  	39 4 [3] 
NGC3521  	SABrsbc      801  	7.9 	1.2  	11.0	5.1  	−21.20  	0.047  	4.2  	126.8 	21.6  	1.2  	0.53  	13.0 4.5  	0.69 0.24  	20 3 [3] 
UGC06161  	SBdm  	     804  	13.3 	2.0  	2.6	1.2  	−16.67  	NaN  	2.0  	2.6 	0.4  	0.4  	0.09  	0.7 0.2  	0.04 0.01  	34 3 [3] 
ESO570−019  	R'SAc  	     1249  	19.4 	2.9  	1.6	0.5  	−17.91  	0.016  	1.5  	3.7 	0.6  	0.6  	0.06  	2.6 0.9  	0.14 0.05  	25 5 [1] 
NGC3627  	SABsb  	     727  	9.4 	1.4  	9.1	4.2  	−21.20  	0.049  	4.5  	125.5 	21.3  	1.7  	0.54  	30.3 10.4  	1.60 0.55  	19 2 [3] 
UGC06378  	Sd  	     1309  	23.8 	3.6  	2.7	0.4  	−16.75  	0.019  	1.5  	3.6 	0.6  	0.4  	0.04  	3.5 1.2  	0.18 0.06  	34 7 [1] 
UGC06566  	SBm  	     1249  	22.5 	3.4  	1.1	0.8  	NaN		0.011  	1.5  	1.0 	0.2  	0.3  	0.0  	0.8 0.3  	0.04 0.02  	16 3 [1] 
NGC3741  	ImIII/BCD    223  	3.6 	0.5  	2.0	1.1  	−14.68  	NaN  	2.0  	4.5 	0.8  	0.3  	0.04  	0.1 0.0  	0.00 0.00  	66 7 [3] 
UGC06578  	WR/BCD       1178  	15.8 	2.4  	0.7	0.5  	−16.27  	0.076  	6.0  	4.6 	0.8  	0.4  	0.08  	1.8 0.6  	0.09 0.03  	118 24 [1] 
NGC3773  	SA0  	     987  	10.5 	1.6  	1.2	1.0  	−18.80  	NaN  	4.2  	9.3 	1.6  	0.6  	0.22  	1.7 0.6  	0.09 0.03  	37 17 [2] 
NGC3782  	SABscd       748  	13.4 	2.0  	1.7	1.1  	−17.50  	NaN  	2.0  	11.3	1.9  	0.5  	0.13  	3.4 1.2  	0.18 0.06  	53 5 [3] 
UGC06792  	Scd  	     832  	14.7 	2.2  	2.8	0.4  	−16.32  	0.064  	6.0  	7.9 	1.3  	0.5  	0.08  	3.0 1.0  	0.16 0.06  	31 6 [1] 
NGC3931  	SA0-  	     929  	16.2 	2.4  	1.1	0.9  	−16.40  	0.019  	3.0  	3.4 	0.6  	0.5  	0.07  	1.6 0.5  	0.08 0.03  	18 3 [1] 
NGC3928  	SAsb?  	     951  	18.9 	2.8  	1.3	1.2  	−17.85  	0.027  	3.0  	0.1 	0.0  	0.7  	0.13  	0.1 0.0  	0.01 0.00  	27 5 [1] 
NGC3938  	SAsc  	     809  	14.7 	2.2  	5.4	4.9  	−19.88  	NaN  	4.2  	71.4 	12.1  	1.1  	0.34  	33.1 11.4  	1.75 0.60  	21 10 [2] 
NGC3998  	SAr0  	     1040  	20.0 	3.0  	2.7	2.2  	−19.49  	0.024  	3.0  	13.7 	2.3  	1.0  	0.25  	12.3 4.3  	0.65 0.23  	5 1 [1] 
NGC4013  	SAb  	     831  	15.3 	2.3  	5.2	1.0  	−18.63  	0.016  	3.0  	18.4 	3.1  	0.8  	0.18  	8.6 3.0  	0.46 0.16  	22 4 [1] 
IC0750  	Sab:  	     701  	11.8 	1.8  	2.5	0.9  	−17.60  	NaN  	2.0  	17.4 	3.0  	0.7  	0.13  	4.8 1.7  	0.26 0.09  	26 3 [3] 
UGC07009  	Im  	     1097  	21.3 	3.2  	2.0	0.5  	−15.66  	0.031  	2.5  	3.5 	0.6  	0.4  	0.05  	2.5 0.9  	0.13 0.05  	44 9 [1] 
NGC4041  	SArsbc:      1221  	22.9 	3.4  	2.1	1.7  	−19.48  	0.029  	3.0  	74.4 	12.6  	0.8  	0.25  	75.3 26.0  	3.99 1.38  	46 9 [1] 
NGC4117  	S0  	     886  	17.7 	2.7  	1.7	0.6  	−16.98  	0.024  	3.0  	1.7 	0.3  	0.6  	0.09  	1.0 0.3  	0.05 0.02  	5 1 [1] 
NGC4138  	SAr0+  	     888  	16.7 	2.5  	2.6	1.7  	−18.76  	0.018  	3.0  	26.3 	4.5  	0.8  	0.19  	14.6 5.0  	0.77 0.27  	21 4 [1] 
NGC4190  	Im  	     192  	2.8 	0.4  	1.5	1.2  	−15.22  	NaN  	2.0  	4.6 	0.8  	0.4  	0.05  	0.1 0.0  	0.00 0.00  	20 2 [3] 
PGC039265  	IAm?  	     2175  	13.6 	1.1  	1.1	0.5  	−17.90  	0.300  	10.0  	0.7 	0.1  	0.4  	0.16  	0.2 0.0  	0.01 0.00  	60 20 [3] 
NGC4236  	SBsdm  	     0  	4.4 	0.7  	21.9	7.2  	−15.20  	0.011  	3.0  	76.4 	13.0  	0.3  	0.04  	2.2 0.8  	0.12 0.04  	29 4 [3] 
IC3105  	Im  	     −159  	2.4 	0.4  	1.8	0.5  	−12.13  	NaN  	2.0  	0.7 	0.1  	0.2  	0.02  	0.0 0.0  	0.00 0.00  	73 7 [3] 
NGC4241  	SBscd  	     733  	16.7 	1.1  	1.2	1.0  	−17.12  	0.660  	0.0  	3.0 	0.5  	0.4  	0.11  	1.2 0.3  	0.07 0.01  	10 2 [1] 
NGC4254  	SAsc  	     2407  	16.7 	2.5  	5.4	4.7  	−22.45  	0.051  	4.5  	161.2 	27.4  	2.3  	0.54  	213.4 73.6  	11.31 3.90  	39 8 [1] 
NGC4262  	SBs0-?       1363  	16.7 	1.1  	1.9	1.7  	−19.34  	0.067  	6.0  	6.7 	1.1  	0.9  	0.28  	3.8 0.8  	0.20 0.04  	6 1 [1] 
IC3155  	S0  	     2209  	16.7 	1.1  	1.2	0.6  	−17.82  	0.011  	1.5  	0.4 	0.1  	0.7  	0.06  	0.2 0.0  	0.01 0.00  	3 1 [1] 
NGC4268  	SB0/a  	     2374  	16.7 	1.1  	1.6	0.7  	−19.06  	0.012  	1.5  	0.4 	0.1  	1.0  	0.09  	0.3 0.1  	0.01 0.00  	1 0 [1] 
NGC4270  	S0  	     2357  	16.7 	1.1  	2.0	0.9  	−19.79  	0.011  	1.5  	1.6 	0.3  	1.0  	0.12  	1.1 0.2  	0.06 0.01  	2 0 [1] 
NGC4277  	SABrs0/a     2196  	16.7 	1.1  	1.1	0.8  	−19.35  	0.010  	1.5  	1.1 	0.2  	0.7  	0.1  	0.6 0.1  	0.03 0.01  	3 1 [1] 
NGC4288  	SBsdm  	     556  	8.7 	1.3  	1.6	1.2  	−16.74  	0.247  	4.5  	8.9 	1.5  	0.3  	0.1  	1.0 0.3  	0.05 0.02  	49 4 [3] 
NGC4298  	SArsc  	     1135  	16.7 	1.1  	3.3	1.2  	−19.48  	0.640  	0.0  	14.8 	2.5  	0.4  	0.29  	5.0 1.1  	0.27 0.06  	36 8 [1] 
UGC07428  	Im  	     1170  	22.5 	3.4 	1.3	1.2  	−17.34  	0.021  	3.0  	0.5 	0.1  	0.3  	0.12  	0.3 0.1  	0.02 0.01  	5 1 [1] 
NGC4301  	SABscd       1275  	16.7 	1.1  	1.5	1.3  	−18.34  	0.067  	6.0  	10.9 	1.9  	0.4  	0.19  	4.1 0.9  	0.22 0.05  	55 11 [1] 
NGC4318  	E?  	     1231  	16.7 	1.1  	0.8	0.7  	−17.47  	0.062  	6.0  	1.4 	0.2  	0.4  	0.13  	0.5 0.1  	0.03 0.01  	8 2 [1] 
NGC4321  	SABsbc       1571  	16.7 	2.5  	7.4	6.3  	−22.03  	NaN  	4.2  	85.7 	14.6  	2.0  	0.53  	85.3 29.4  	4.52 1.56  	7 3 [2] 
NGC4324  	SAr0+  	     1685  	16.7 	1.1  	2.8	1.2  	−19.70  	1.000  	0.0  	3.7 	0.6  	0.4  	0.32  	1.2 0.3  	0.06 0.01  	7 1 [1] 
NGC4376  	Im  	     1136  	16.7 	1.1  	1.4	0.9  	−17.67  	0.064  	6.0  	14.3 	2.4  	0.6  	0.14  	7.0 1.5  	0.37 0.08  	76 15 [1] 
NGC4383  	Sa?  	     1710  	16.7 	1.1  	1.9	1.0  	−19.57  	0.330  	10.0  	22.6 	3.8  	0.4  	0.3  	7.3 1.6  	0.39 0.08  	650 10 [3] 
UGC07512  	ImIV  	     1505  	27.6 	4.1  	1.3	0.6  	−17.03  	0.013  	1.5  	3.7 	0.6  	0.5  	0.04  	4.9 1.7  	0.26 0.09  	56 11 [1] 
NGC4390  	Sbcs  	     1131  	16.7 	1.1  	1.6	1.1  	−18.18  	0.420  	10.0  	4.2 	0.7  	0.4  	0.17  	1.6 0.4  	0.09 0.02  	280 40 [3] 
NGC4394  	RSBrb  	     922  	16.7 	1.1 	3.6	3.2  	−19.42  	NaN  	2.0  	12.9 	2.2  	1.0  	0.28  	8.0 1.7  	0.43 0.09  	10 3 [3] 
NGC4423  	Sdm  	     1104  	16.7 	1.1  	2.3	0.4  	−17.51  	0.032  	3.0  	2.5 	0.4  	0.5  	0.11  	1.2 0.3  	0.06 0.01  	18 3 [1] 
NGC4430  	SBrsb  	     1468  	16.7	1.1  	1.9	1.2  	−19.17  	NaN  	3.0  	6.4 	1.1  	0.3  	0.25  	2.2 0.5  	0.12 0.03  	5 1 [1] 
IC3365  	Im  	     2375  	16.7	1.1 	2.1	1.0  	−18.48  	NaN  	2.0  	1.9 	0.3  	0.7  	0.19  	1.0 0.2  	0.05 0.01  	24 4 [3] 
UGC07590  	Sbc  	     1118  	13.6 	1.1 	1.3	0.4  	−17.40  	1.150  	0.0  	1.6 	0.3  	0.4  	0.13  	0.4 0.1  	0.02 0.01  	36 9 [1] 
NGC4450  	SAsab  	     1954  	16.7 	2.5  	5.2	3.9  	−21.58  	NaN  	4.5  	28.0	4.8  	1.9  	0.54  	26.0 9.0  	1.38 0.48  	4 2 [2] 
NGC4468  	SA0-?  	     908  	16.7 	1.1  	1.5	1.0  	−17.57  	0.054  	3.0  	4.5 	0.8  	0.6  	0.14  	2.2 0.5  	0.12 0.03  	12 2 [1] 
NGC4470  	Sa?  	     2340  	16.7 	1.1  	1.6	1.0  	−19.82  	1.170  	0.0  	2.0 	0.3  	0.4  	0.34  	0.6 0.1  	0.03 0.01  	0 0 [1] 
NGC4504  	SAscd  	     1000  	11.7 	1.8  	4.4	2.7  	−19.26  	0.036  	3.0  	35.6 	6.0  	0.7  	0.23  	8.5 2.9  	0.45 0.15  	25 5 [1] 
NGC4522  	SBscd  	     2307 	16.7 	1.1  	4.0	0.8  	−19.84  	0.300  	10.0  	3.7 	0.6  	0.4  	0.34  	1.1 0.2  	0.06 0.01  	170 30 [3] 
NGC4532  	IBm  	     2012  	16.7 	1.1  	2.6	0.9  	−20.25  	0.054  	3.0  	13.3 	2.3  	0.4  	0.4  	3.7 0.8  	0.20 0.04  	16 3 [1] 
UGC07739  	Im  	     2039  	13.6 	1.1  	1.3	1.2  	−17.96  	1.180  	0.0  	0.1 	0.0  	0.4  	0.16  	0.0 0.0  	0.00 0.00  	2 0 [1] 
IC3522  	ImIII–IV     668  	16.7 	1.1  	1.0	0.5  	−15.01  	0.052  	3.0  	1.1 	0.2  	1.2  	0.05  	1.1 0.2  	0.06 0.01  	170 90 [3] 
NGC4550  	SB0  	     409  	2.8 	0.4  	3.3	0.9  	−17.38  	0.062  	6.0  	4.5 	0.8  	0.6  	0.13  	0.1 0.0  	0.00 0.00  	6 1 [1] 
NGC4559  	SABrscd      816  	9.3 	1.4  	10.7	4.4  	−20.42  	NaN  	4.2  	139.2 	23.7  	1.2  	0.42  	26.0 9.0  	1.38 0.48  	6 3 [2] 
NGC4561  	SBrsdm       1407  	16.7	1.1  	1.5	1.3  	−18.96  	0.070  	6.0  	17.4 	3.0  	0.8  	0.24  	9.3 2.0  	0.49 0.11  	32 6 [1] 
NGC4567  	SArsbc       2274  	16.7 	1.1  	2.9	1.4  	−20.69  	1.130  	0.0  	10.2 	1.7  	0.4  	0.46  	2.6 0.6  	0.14 0.03  	17 4 [1] 
NGC4568  	SArsbc       2255  	16.7 	1.1  	4.3	1.0  	−21.07  	1.130  	0.0  	24.4 	4.2  	0.4  	0.52  	5.6 1.2  	0.29 0.06  	23 6 [1] 
IC3583  	SmIII  	     1121  	16.7 	1.1  	2.2	1.1  	−18.18  	1.100  	0.0  	2.9 	0.5  	0.4  	0.17  	1.2 0.3  	0.06 0.01  	39 10 [1] 
NGC4569  	SABrsab      −235  	16.7 	2.5  	9.5	4.4  	−15.17  	NaN  	0.0  	11.1 	1.9  	0.3  	0.05  	4.6 1.6  	0.25 0.08  	3 0 [1] 
IC3591  	SBmIII       1632  	16.7 	1.1  	0.9	0.6  	−17.76  	0.029  	3.0  	3.9 	0.7  	0.6  	0.13  	2.0 0.4  	0.11 0.02  	36 7 [1] 
NGC4579  	SABrsb       1519  	16.7 	2.5  	5.9	4.7  	−21.54  	NaN  	4.5  	67.8 	11.5  	2.0  	0.54  	68.2 23.5  	3.62 1.25  	13 6 [2] 
IC3617  	SBmIII/BCD   2079  	16.7 	1.1  	1.4	0.7  	−18.24  	1.130  	0.0  	2.2 	0.4  	0.4  	0.18  	0.8 0.2  	0.04 0.01  	125 51 [1] 
UGC07827  	Im:  	     552  	9.3 	1.4  	1.2	0.7  	NaN  		0.060  	6.0  	1.9 	0.3  	0.3  	0.0  	0.3 0.1  	0.01 0.00  	49 10 [1] 
NGC4595  	SABrsb?      604  	16.7 	1.1  	1.7	1.1  	−17.66  	NaN  	2.0  	7.6 	1.3  	0.7  	0.14  	4.0 0.9  	0.21 0.05  	19 5 [3] 
NGC4594  	SAsa  	     1024  	9.8 	1.5  	8.7	3.5  	−22.39  	NaN  	4.2  	65.7 	11.2  	2.6  	0.53  	37.1 12.8  	1.96 0.68  	4 2 [2] 
NGC4625  	SABrsm       609  	9.4 	1.4  	1.3	1.2  	−17.35  	0.027  	3.0  	15.1 	2.6  	0.6  	0.11  	2.4 0.8  	0.13 0.04  	25 4 [3] 
NGC4631  	SBsd  	     606  	7.7 	1.2  	15.5	2.7  	−20.63  	0.051  	4.2  	80.9 	13.8  	1.3  	0.46  	10.3 3.6  	0.55 0.19  	42 3 [3] 
NGC4639  	SABrsbc      977  	16.7	1.1  	2.8	1.9  	−19.08  	0.440  	0.0  	10.1 	1.7  	0.4  	0.24  	3.6 0.8  	0.19 0.04  	38 9 [1] 
NGC4640  	dS0  	     2082  	16.7 	1.1  	1.6	0.8  	−18.09  	0.025  	4.0  	3.0 	0.5  	0.7  	0.16  	1.7 0.4  	0.09 0.02  	27 5 [1] 
NGC4647  	SABrsc       1334  	16.7 	1.1  	2.9	2.3  	−19.95  	0.065  	6.0  	31.0 	5.3  	2.3  	0.35  	53.6 11.5  	2.84 0.61  	11 2 [1] 
NGC4651  	SArsc  	     805  	16.7 	1.1  	4.0	2.6  	−19.50  	NaN  	2.0  	36.3 	6.2  	1.0  	0.29  	21.7 4.7  	1.15 0.25  	23 2 [3] 
PGC043211  	dE  	     1146  	13.6 	2.0  	0.7	0.7  	−19.46  	0.022  	3.0  	0.4 	0.1  	0.2  	0.25  	0.1 0.0  	0.00 0.00  	880 233 [1] 
NGC4725  	SABrab       1206  	11.9 	1.8  	10.7	7.6  	−21.45  	NaN  	4.2  	57.2 	9.7  	1.8  	0.53  	24.1 8.3  	1.28 0.44  	7 3 [2] 
NGC4736  	RSArab       308  	5.2 	0.8  	11.2	9.1  	−20.40  	0.043  	3.0  	297.3 	50.5  	1.4  	0.41  	19.9 6.9  	1.05 0.36  	10 0 [3] 
NGC4772  	SAsa  	     998  	13.4 	2.0  	3.4	1.7  	−19.42  	0.320  	10.0  	4.3 	0.7  	0.9  	0.29  	1.5 0.5  	0.08 0.03  	90 10 [3] 
NGC4789A  	IBsm  	     374  	3.8 	0.6  	3.0	2.2  	−15.81  	NaN  	2.0  	6.2 	1.0  	0.3  	0.07  	0.1 0.0  	0.01 0.00  	47 5 [3] 
NGC4826  	RSArsab      408  	7.5 	1.1  	10.0	5.4  	−20.55  	NaN  	4.2  	19.3 	3.3  	0.4  	0.44  	1.1 0.4  	0.06 0.02  	9 1 [3] 
NGC4941  	RSABrab      1108  	17.4 	2.6  	3.6	1.9  	−19.58  	0.025  	3.0  	27.2 	4.6  	1.1  	0.26  	20.3 7.0  	1.08 0.37  	26 5 [1] 
PGC045195  	SABsdm       1362  	24.4 	3.7  	1.2	0.9  	−19.26  	0.063  	6.0  	30.8 	5.2  	0.7  	0.27  	30.3 10.4  	1.60 0.55  	68 14 [1] 
UGC08201  	Im  	     31  	4.6 	0.7  	3.5	1.9  	−13.12  	NaN  	2.0  	2.1 	0.3  	0.2  	0.02  	0.1 0.0  	0.00 0.00  	10 2 [3] 
UGC08303  	IABsm  	     929  	18.1 	2.7  	2.2	1.9  	−17.55  	NaN  	2.0  	7.2 	1.2  	0.5  	0.13  	3.9 1.3  	0.21 0.07  	63 6 [3] 
NGC5033  	SAsc  	     875  	16.2 	2.4  	10.7	5.0  	−20.16  	0.033  	3.0  	97.4 	16.6  	0.8  	0.33  	41.3 14.2  	2.19 0.75  	31 6 [1] 
ESO508−030  	IBsm  	     1510  	23.1 	3.5  	1.7	0.6  	−17.26  	0.018  	1.5  	4.7 	0.8  	0.6  	0.05  	5.1 1.8  	0.27 0.09  	74 15 [1] 
NGC5055  	SArsbc 	     504  	7.9 	1.2  	12.6	7.2  	−20.57  	NaN  	4.2  	19.8 	3.4  	0.7  	0.45  	1.6 0.5  	0.08 0.03  	20 4 [3] 
NGC5194  	SAsbc  	     463  	7.7 	1.2  	11.2	6.9  	−20.75  	NaN  	4.2  	737.0 	125.3 	1.4  	0.48  	101.6 35.0  	5.39 1.86  	28 3 [3] 
NGC5195  	SB0_1  	     465  	7.7 	1.2  	5.8	4.6  	−19.26  	NaN  	4.2  	48.7 	8.3  	1.1  	0.27  	6.9 2.4  	0.37 0.13  	4 1 [3] 
NGC5474  	SAscd  	     273  	6.5 	1.0  	4.8	4.3  	−17.39  	NaN  	2.0  	26.1 	4.4  	0.5  	0.12  	1.8 0.6  	0.10 0.03  	22 2 [3] 
NGC5477  	SAsm  	     304  	7.1 	1.1  	1.7	1.3  	−14.46  	NaN  	3.0  	7.0 	1.2  	0.2  	0.04  	0.5 0.2  	0.03 0.01  	92 9 [3] 
NGC5486  	SAsm  	     1386  	25.6 	3.8  	1.7	1.0  	−17.80  	NaN  	1.8  	5.0 	0.8  	0.6  	0.14  	5.8 2.0  	0.31 0.11  	35 3 [3] 
PGC140287  	Im  	     1470  	25.5 	3.8  	1.0	0.7  	−15.27  	0.025  	6.0  	0.3 	0.0  	1.2  	0.05  	0.6 0.2  	0.03 0.01  	130 26 [1] 
IC1024  	S0?  	     1411  	25.0 	3.8  	1.6	0.6  	−17.97  	0.018  	3.0  	10.0 	1.7  	0.4  	0.15  	9.1 3.1  	0.48 0.17  	48 10 [1] 
NGC5701  	RSBrs0/a     1524  	25.8 	3.9  	4.3	4.1  	−20.12  	0.012  	1.5  	28.6 	4.9  	1.2  	0.14  	57.8 19.9  	3.07 1.06  	20 4 [1] 
IC1066  	Sab  	     1577  	26.5 	4.0  	1.3	0.7  	−17.82  	0.061  	6.0  	7.2 	1.2  	0.4  	0.15  	7.6 2.6  	0.40 0.14  	33 6 [1] 
PGC057723  	SABrb?       934  	16.4 	2.5  	2.4	1.7  	−18.11  	0.065  	6.0  	22.6 	3.8  	1.3  	0.17  	19.6 6.7  	1.04 0.36  	35 7 [1] 
NGC6140  	SBscd  	     866  	18.8 	2.8  	6.3	4.6  	−18.73  	0.020  	3.0  	84.1 	14.3  	0.4  	0.2  	39.8 13.7  	2.11 0.73  	8 2 [1] 
NGC6118  	SAscd  	     1611  	25.7 	3.9  	4.7	2.0  	−19.37  	0.066  	6.0  	27.2 	4.6  	1.2  	0.28  	46.0 15.9  	2.44 0.84  	19 4 [1] 
PGC058661  	Sc  	     1581  	25.6 	3.8  	1.6	0.5  	−16.64  	0.064  	6.0  	1.3 	0.2  	1.3  	0.09  	3.2 1.1  	0.17 0.06  	30 6 [1] 
IC1254  	Sb?  	     1283  	24.0 	3.6  	1.6	0.7  	−16.16  	0.017  	3.0  	2.4 	0.4  	0.4  	0.07  	2.2 0.8  	0.12 0.04  	23 5 [1] 
NGC7465  	RSBs  	     1972  	30.1 	4.5  	1.2	0.8  	−18.41  	0.012  	1.1  	6.8 	1.2  	1.0  	0.04  	17.7 6.1  	0.94 0.32  	17 3 [1] 
NGC7742  	SArb  	     1663  	25.2 	3.8  	1.7	1.7  	−18.90  	0.013  	1.1  	8.0 	1.4  	0.4  	0.05  	8.8 3.0  	0.46 0.16  	8 2 [1] 
